A01 33.9366 -75.7266 -1755.0
A02 34.3575 -75.4488 -2779.0
A03 34.6911 -75.2109 -2638.0
A04 35.0349 -75.0004 -2293.0
A05B 35.3358 -74.6645 -2231.0
A06B 35.8045 -74.6488 -1325.0
B02B 34.1347 -75.0157 -3338.0
B05B 35.1759 -74.3451 -2961.0
B06 35.6159 -74.3722 -2517.0
C03 34.4649 -74.8888 -3246.0
C04 34.8798 -74.6465 -3023.0
C06 35.5061 -74.0726 -2933.0
D01 33.539 -74.8495 -3808.0
D02B 33.9905 -74.7129 -3760.0
D03 34.3559 -74.4887 -3584.0
D04 34.69 -74.2579 -3417.0
D05B 35.0138 -74.0327 -3335.0
D06 35.3926 -73.7657 -3352.0
X01 36.2252 -74.5793 -1329.0
X02 36.4526 -74.079 -2548.0
X03 35.8933 -72.719 -3890.0
X04 34.7011 -71.5275 -4459.0
X05 34.7458 -73.0754 -4388.0
X06 33.6507 -72.2057 -5154.0
X07 33.8036 -73.6705 -4476.0
X08 32.6932 -72.8165 -5271.0
X09 32.5169 -74.3536 -4726.0
X10 33.0475 -76.0599 -2243.0
